{"weight_fraction": [5.0, 10.0, 15.0, 20.0, 25.0, 30.0, 35.0, 40.0, 45.0, 50.0, 55.0, 60.0], "cell_e0": [200.0, 300.0, 400.0, 500.0, 600.0, 700.0, 800.0, 900.0, 1000.0], "aircraft_range": [[[[0.0, 0.0, 0.0, 0.0, 86.19384880733945, 100.55949027522936, 114.92513174311928, 129.2907732110092, 143.65641467889913], [0.0, 86.19384880733945, 114.92513174311928, 143.65641467889913, 172.3876976146789, 201.11898055045873, 229.85026348623856, 258.5815464220184, 287.31282935779825], [86.19384880733945, 129.29077321100917, 172.3876976146789, 215.48462201834863, 258.58154642201833, 301.67847082568807, 344.7753952293578, 387.87231963302753, 430.96924403669726], [114.92513174311928, 172.3876976146789, 229.85026348623856, 287.31282935779825, 344.7753952293578, 402.23796110091746, 459.7005269724771, 517.1630928440368, 574.6256587155965], [143.6564146788991, 215.4846220183486, 287.3128293577982, 359.1410366972477, 430.9692440366972, 502.7974513761468, 574.6256587155964, 646.453866055046, 718.2820733944955], [172.3876976146789, 258.58154642201833, 344.7753952293578, 430.96924403669726, 517.1630928440367, 603.3569416513761, 689.5507904587156, 775.7446392660551, 861.9384880733945], [201.11898055045873, 301.678470825688, 402.23796110091746, 502.7974513761468, 603.356941651376, 703.9164319266056, 804.4759222018349, 905.0354124770643, 1005.5949027522936], [229.85026348623856, 344.7753952293578, 459.7005269724771, 574.6256587155965, 689.5507904587156, 804.4759222018349, 919.4010539449542, 1034.3261856880736, 1149.251317431193], [258.5815464220184, 387.8723196330275, 517.1630928440368, 646.453866055046, 775.744639266055, 905.0354124770643, 1034.3261856880736, 1163.6169588990829, 1292.907732110092], [287.3128293577982, 430.9692440366972, 574.6256587155964, 718.2820733944955, 861.9384880733944, 1005.5949027522936, 1149.2513174311928, 1292.907732110092, 1436.564146788991], [316.04411229357805, 474.066168440367, 632.0882245871561, 790.1102807339452, 948.132336880734, 1106.154393027523, 1264.1764491743122, 1422.198505321101, 1580.2205614678903], [344.7753952293578, 517.1630928440367, 689.5507904587156, 861.9384880733945, 1034.3261856880733, 1206.7138833027523, 1379.1015809174312, 1551.4892785321101, 1723.876976146789]], [[0.0, 0.0, 0.0, 0.0, 86.19384880733945, 100.55949027522936, 114.92513174311928, 129.2907732110092, 143.65641467889913], [0.0, 86.19384880733945, 114.92513174311928, 143.65641467889913, 172.3876976146789, 201.11898055045873, 229.85026348623856, 258.5815464220184, 287.31282935779825], [86.19384880733945, 129.29077321100917, 172.3876976146789, 215.48462201834863, 258.58154642201833, 301.67847082568807, 344.7753952293578, 387.87231963302753, 430.96924403669726], [114.92513174311928, 172.3876976146789, 229.85026348623856, 287.31282935779825, 344.7753952293578, 402.23796110091746, 459.7005269724771, 517.1630928440368, 574.6256587155965], [143.6564146788991, 215.4846220183486, 287.3128293577982, 359.1410366972477, 430.9692440366972, 502.7974513761468, 574.6256587155964, 646.453866055046, 718.2820733944955], [172.3876976146789, 258.58154642201833, 344.7753952293578, 430.96924403669726, 517.1630928440367, 603.3569416513761, 689.5507904587156, 775.7446392660551, 861.9384880733945], [201.11898055045873, 301.678470825688, 402.23796110091746, 502.7974513761468, 603.356941651376, 703.9164319266056, 804.4759222018349, 905.0354124770643, 1005.5949027522936], [229.85026348623856, 344.7753952293578, 459.7005269724771, 574.6256587155965, 689.5507904587156, 804.4759222018349, 919.4010539449542, 1034.3261856880736, 1149.251317431193], [258.5815464220184, 387.8723196330275, 517.1630928440368, 646.453866055046, 775.744639266055, 905.0354124770643, 1034.3261856880736, 1163.6169588990829, 1292.907732110092], [287.3128293577982, 430.9692440366972, 574.6256587155964, 718.2820733944955, 861.9384880733944, 1005.5949027522936, 1149.2513174311928, 1292.907732110092, 1436.564146788991], [316.04411229357805, 474.066168440367, 632.0882245871561, 790.1102807339452, 948.132336880734, 1106.154393027523, 1264.1764491743122, 1422.198505321101, 1580.2205614678903], [344.7753952293578, 517.1630928440367, 689.5507904587156, 861.9384880733945, 1034.3261856880733, 1206.7138833027523, 1379.1015809174312, 1551.4892785321101, 1723.876976146789]], [[0.0, 0.0, 0.0, 0.0, 86.19384880733945, 100.55949027522936, 114.92513174311928, 129.2907732110092, 143.65641467889913], [0.0, 86.19384880733945, 114.92513174311928, 143.65641467889913, 172.3876976146789, 201.11898055045873, 229.85026348623856, 258.5815464220184, 287.31282935779825], [86.19384880733945, 129.29077321100917, 172.3876976146789, 215.48462201834863, 258.58154642201833, 301.67847082568807, 344.7753952293578, 387.87231963302753, 430.96924403669726], [114.92513174311928, 172.3876976146789, 229.85026348623856, 287.31282935779825, 344.7753952293578, 402.23796110091746, 459.7005269724771, 517.1630928440368, 574.6256587155965], [143.6564146788991, 215.4846220183486, 287.3128293577982, 359.1410366972477, 430.9692440366972, 502.7974513761468, 574.6256587155964, 646.453866055046, 718.2820733944955], [172.3876976146789, 258.58154642201833, 344.7753952293578, 430.96924403669726, 517.1630928440367, 603.3569416513761, 689.5507904587156, 775.7446392660551, 861.9384880733945], [201.11898055045873, 301.678470825688, 402.23796110091746, 502.7974513761468, 603.356941651376, 703.9164319266056, 804.4759222018349, 905.0354124770643, 1005.5949027522936], [229.85026348623856, 344.7753952293578, 459.7005269724771, 574.6256587155965, 689.5507904587156, 804.4759222018349, 919.4010539449542, 1034.3261856880736, 1149.251317431193], [258.5815464220184, 387.8723196330275, 517.1630928440368, 646.453866055046, 775.744639266055, 905.0354124770643, 1034.3261856880736, 1163.6169588990829, 1292.907732110092], [287.3128293577982, 430.9692440366972, 574.6256587155964, 718.2820733944955, 861.9384880733944, 1005.5949027522936, 1149.2513174311928, 1292.907732110092, 1436.564146788991], [316.04411229357805, 474.066168440367, 632.0882245871561, 790.1102807339452, 948.132336880734, 1106.154393027523, 1264.1764491743122, 1422.198505321101, 1580.2205614678903], [344.7753952293578, 517.1630928440367, 689.5507904587156, 861.9384880733945, 1034.3261856880733, 1206.7138833027523, 1379.1015809174312, 1551.4892785321101, 1723.876976146789]], [[0.0, 0.0, 0.0, 0.0, 86.19384880733945, 100.55949027522936, 114.92513174311928, 129.2907732110092, 143.65641467889913], [0.0, 86.19384880733945, 114.92513174311928, 143.65641467889913, 172.3876976146789, 201.11898055045873, 229.85026348623856, 258.5815464220184, 287.31282935779825], [86.19384880733945, 129.29077321100917, 172.3876976146789, 215.48462201834863, 258.58154642201833, 301.67847082568807, 344.7753952293578, 387.87231963302753, 430.96924403669726], [114.92513174311928, 172.3876976146789, 229.85026348623856, 287.31282935779825, 344.7753952293578, 402.23796110091746, 459.7005269724771, 517.1630928440368, 574.6256587155965], [143.6564146788991, 215.4846220183486, 287.3128293577982, 359.1410366972477, 430.9692440366972, 502.7974513761468, 574.6256587155964, 646.453866055046, 718.2820733944955], [172.3876976146789, 258.58154642201833, 344.7753952293578, 430.96924403669726, 517.1630928440367, 603.3569416513761, 689.5507904587156, 775.7446392660551, 861.9384880733945], [201.11898055045873, 301.678470825688, 402.23796110091746, 502.7974513761468, 603.356941651376, 703.9164319266056, 804.4759222018349, 905.0354124770643, 1005.5949027522936], [229.85026348623856, 344.7753952293578, 459.7005269724771, 574.6256587155965, 689.5507904587156, 804.4759222018349, 919.4010539449542, 1034.3261856880736, 1149.251317431193], [258.5815464220184, 387.8723196330275, 517.1630928440368, 646.453866055046, 775.744639266055, 905.0354124770643, 1034.3261856880736, 1163.6169588990829, 1292.907732110092], [287.3128293577982, 430.9692440366972, 574.6256587155964, 718.2820733944955, 861.9384880733944, 1005.5949027522936, 1149.2513174311928, 1292.907732110092, 1436.564146788991], [316.04411229357805, 474.066168440367, 632.0882245871561, 790.1102807339452, 948.132336880734, 1106.154393027523, 1264.1764491743122, 1422.198505321101, 1580.2205614678903], [344.7753952293578, 517.1630928440367, 689.5507904587156, 861.9384880733945, 1034.3261856880733, 1206.7138833027523, 1379.1015809174312, 1551.4892785321101, 1723.876976146789]], [[0.0, 0.0, 0.0, 0.0, 86.19384880733945, 100.55949027522936, 114.92513174311928, 129.2907732110092, 143.65641467889913], [0.0, 86.19384880733945, 114.92513174311928, 143.65641467889913, 172.3876976146789, 201.11898055045873, 229.85026348623856, 258.5815464220184, 287.31282935779825], [86.19384880733945, 129.29077321100917, 172.3876976146789, 215.48462201834863, 258.58154642201833, 301.67847082568807, 344.7753952293578, 387.87231963302753, 430.96924403669726], [114.92513174311928, 172.3876976146789, 229.85026348623856, 287.31282935779825, 344.7753952293578, 402.23796110091746, 459.7005269724771, 517.1630928440368, 574.6256587155965], [143.6564146788991, 215.4846220183486, 287.3128293577982, 359.1410366972477, 430.9692440366972, 502.7974513761468, 574.6256587155964, 646.453866055046, 718.2820733944955], [172.3876976146789, 258.58154642201833, 344.7753952293578, 430.96924403669726, 517.1630928440367, 603.3569416513761, 689.5507904587156, 775.7446392660551, 861.9384880733945], [201.11898055045873, 301.678470825688, 402.23796110091746, 502.7974513761468, 603.356941651376, 703.9164319266056, 804.4759222018349, 905.0354124770643, 1005.5949027522936], [229.85026348623856, 344.7753952293578, 459.7005269724771, 574.6256587155965, 689.5507904587156, 804.4759222018349, 919.4010539449542, 1034.3261856880736, 1149.251317431193], [258.5815464220184, 387.8723196330275, 517.1630928440368, 646.453866055046, 775.744639266055, 905.0354124770643, 1034.3261856880736, 1163.6169588990829, 1292.907732110092], [287.3128293577982, 430.9692440366972, 574.6256587155964, 718.2820733944955, 861.9384880733944, 1005.5949027522936, 1149.2513174311928, 1292.907732110092, 1436.564146788991], [316.04411229357805, 474.066168440367, 632.0882245871561, 790.1102807339452, 948.132336880734, 1106.154393027523, 1264.1764491743122, 1422.198505321101, 1580.2205614678903], [344.7753952293578, 517.1630928440367, 689.5507904587156, 861.9384880733945, 1034.3261856880733, 1206.7138833027523, 1379.1015809174312, 1551.4892785321101, 1723.876976146789]], [[0.0, 0.0, 0.0, 0.0, 86.19384880733945, 100.55949027522936, 114.92513174311928, 129.2907732110092, 143.65641467889913], [0.0, 86.19384880733945, 114.92513174311928, 143.65641467889913, 172.3876976146789, 201.11898055045873, 229.85026348623856, 258.5815464220184, 287.31282935779825], [86.19384880733945, 129.29077321100917, 172.3876976146789, 215.48462201834863, 258.58154642201833, 301.67847082568807, 344.7753952293578, 387.87231963302753, 430.96924403669726], [114.92513174311928, 172.3876976146789, 229.85026348623856, 287.31282935779825, 344.7753952293578, 402.23796110091746, 459.7005269724771, 517.1630928440368, 574.6256587155965], [143.6564146788991, 215.4846220183486, 287.3128293577982, 359.1410366972477, 430.9692440366972, 502.7974513761468, 574.6256587155964, 646.453866055046, 718.2820733944955], [172.3876976146789, 258.58154642201833, 344.7753952293578, 430.96924403669726, 517.1630928440367, 603.3569416513761, 689.5507904587156, 775.7446392660551, 861.9384880733945], [201.11898055045873, 301.678470825688, 402.23796110091746, 502.7974513761468, 603.356941651376, 703.9164319266056, 804.4759222018349, 905.0354124770643, 1005.5949027522936], [229.85026348623856, 344.7753952293578, 459.7005269724771, 574.6256587155965, 689.5507904587156, 804.4759222018349, 919.4010539449542, 1034.3261856880736, 1149.251317431193], [258.5815464220184, 387.8723196330275, 517.1630928440368, 646.453866055046, 775.744639266055, 905.0354124770643, 1034.3261856880736, 1163.6169588990829, 1292.907732110092], [287.3128293577982, 430.9692440366972, 574.6256587155964, 718.2820733944955, 861.9384880733944, 1005.5949027522936, 1149.2513174311928, 1292.907732110092, 1436.564146788991], [316.04411229357805, 474.066168440367, 632.0882245871561, 790.1102807339452, 948.132336880734, 1106.154393027523, 1264.1764491743122, 1422.198505321101, 1580.2205614678903], [344.7753952293578, 517.1630928440367, 689.5507904587156, 861.9384880733945, 1034.3261856880733, 1206.7138833027523, 1379.1015809174312, 1551.4892785321101, 1723.876976146789]], [[0.0, 0.0, 0.0, 0.0, 86.19384880733945, 100.55949027522936, 114.92513174311928, 129.2907732110092, 143.65641467889913], [0.0, 86.19384880733945, 114.92513174311928, 143.65641467889913, 172.3876976146789, 201.11898055045873, 229.85026348623856, 258.5815464220184, 287.31282935779825], [86.19384880733945, 129.29077321100917, 172.3876976146789, 215.48462201834863, 258.58154642201833, 301.67847082568807, 344.7753952293578, 387.87231963302753, 430.96924403669726], [114.92513174311928, 172.3876976146789, 229.85026348623856, 287.31282935779825, 344.7753952293578, 402.23796110091746, 459.7005269724771, 517.1630928440368, 574.6256587155965], [143.6564146788991, 215.4846220183486, 287.3128293577982, 359.1410366972477, 430.9692440366972, 502.7974513761468, 574.6256587155964, 646.453866055046, 718.2820733944955], [172.3876976146789, 258.58154642201833, 344.7753952293578, 430.96924403669726, 517.1630928440367, 603.3569416513761, 689.5507904587156, 775.7446392660551, 861.9384880733945], [201.11898055045873, 301.678470825688, 402.23796110091746, 502.7974513761468, 603.356941651376, 703.9164319266056, 804.4759222018349, 905.0354124770643, 1005.5949027522936], [229.85026348623856, 344.7753952293578, 459.7005269724771, 574.6256587155965, 689.5507904587156, 804.4759222018349, 919.4010539449542, 1034.3261856880736, 1149.251317431193], [258.5815464220184, 387.8723196330275, 517.1630928440368, 646.453866055046, 775.744639266055, 905.0354124770643, 1034.3261856880736, 1163.6169588990829, 1292.907732110092], [287.3128293577982, 430.9692440366972, 574.6256587155964, 718.2820733944955, 861.9384880733944, 1005.5949027522936, 1149.2513174311928, 1292.907732110092, 1436.564146788991], [316.04411229357805, 474.066168440367, 632.0882245871561, 790.1102807339452, 948.132336880734, 1106.154393027523, 1264.1764491743122, 1422.198505321101, 1580.2205614678903], [344.7753952293578, 517.1630928440367, 689.5507904587156, 861.9384880733945, 1034.3261856880733, 1206.7138833027523, 1379.1015809174312, 1551.4892785321101, 1723.876976146789]], [[0.0, 0.0, 0.0, 0.0, 86.19384880733945, 100.55949027522936, 114.92513174311928, 129.2907732110092, 143.65641467889913], [0.0, 86.19384880733945, 114.92513174311928, 143.65641467889913, 172.3876976146789, 201.11898055045873, 229.85026348623856, 258.5815464220184, 287.31282935779825], [86.19384880733945, 129.29077321100917, 172.3876976146789, 215.48462201834863, 258.58154642201833, 301.67847082568807, 344.7753952293578, 387.87231963302753, 430.96924403669726], [114.92513174311928, 172.3876976146789, 229.85026348623856, 287.31282935779825, 344.7753952293578, 402.23796110091746, 459.7005269724771, 517.1630928440368, 574.6256587155965], [143.6564146788991, 215.4846220183486, 287.3128293577982, 359.1410366972477, 430.9692440366972, 502.7974513761468, 574.6256587155964, 646.453866055046, 718.2820733944955], [172.3876976146789, 258.58154642201833, 344.7753952293578, 430.96924403669726, 517.1630928440367, 603.3569416513761, 689.5507904587156, 775.7446392660551, 861.9384880733945], [201.11898055045873, 301.678470825688, 402.23796110091746, 502.7974513761468, 603.356941651376, 703.9164319266056, 804.4759222018349, 905.0354124770643, 1005.5949027522936], [229.85026348623856, 344.7753952293578, 459.7005269724771, 574.6256587155965, 689.5507904587156, 804.4759222018349, 919.4010539449542, 1034.3261856880736, 1149.251317431193], [258.5815464220184, 387.8723196330275, 517.1630928440368, 646.453866055046, 775.744639266055, 905.0354124770643, 1034.3261856880736, 1163.6169588990829, 1292.907732110092], [287.3128293577982, 430.9692440366972, 574.6256587155964, 718.2820733944955, 861.9384880733944, 1005.5949027522936, 1149.2513174311928, 1292.907732110092, 1436.564146788991], [316.04411229357805, 474.066168440367, 632.0882245871561, 790.1102807339452, 948.132336880734, 1106.154393027523, 1264.1764491743122, 1422.198505321101, 1580.2205614678903], [344.7753952293578, 517.1630928440367, 689.5507904587156, 861.9384880733945, 1034.3261856880733, 1206.7138833027523, 1379.1015809174312, 1551.4892785321101, 1723.876976146789]], [[0.0, 0.0, 0.0, 0.0, 86.19384880733945, 100.55949027522936, 114.92513174311928, 129.2907732110092, 143.65641467889913], [0.0, 86.19384880733945, 114.92513174311928, 143.65641467889913, 172.3876976146789, 201.11898055045873, 229.85026348623856, 258.5815464220184, 287.31282935779825], [86.19384880733945, 129.29077321100917, 172.3876976146789, 215.48462201834863, 258.58154642201833, 301.67847082568807, 344.7753952293578, 387.87231963302753, 430.96924403669726], [114.92513174311928, 172.3876976146789, 229.85026348623856, 287.31282935779825, 344.7753952293578, 402.23796110091746, 459.7005269724771, 517.1630928440368, 574.6256587155965], [143.6564146788991, 215.4846220183486, 287.3128293577982, 359.1410366972477, 430.9692440366972, 502.7974513761468, 574.6256587155964, 646.453866055046, 718.2820733944955], [172.3876976146789, 258.58154642201833, 344.7753952293578, 430.96924403669726, 517.1630928440367, 603.3569416513761, 689.5507904587156, 775.7446392660551, 861.9384880733945], [201.11898055045873, 301.678470825688, 402.23796110091746, 502.7974513761468, 603.356941651376, 703.9164319266056, 804.4759222018349, 905.0354124770643, 1005.5949027522936], [229.85026348623856, 344.7753952293578, 459.7005269724771, 574.6256587155965, 689.5507904587156, 804.4759222018349, 919.4010539449542, 1034.3261856880736, 1149.251317431193], [258.5815464220184, 387.8723196330275, 517.1630928440368, 646.453866055046, 775.744639266055, 905.0354124770643, 1034.3261856880736, 1163.6169588990829, 1292.907732110092], [287.3128293577982, 430.9692440366972, 574.6256587155964, 718.2820733944955, 861.9384880733944, 1005.5949027522936, 1149.2513174311928, 1292.907732110092, 1436.564146788991], [316.04411229357805, 474.066168440367, 632.0882245871561, 790.1102807339452, 948.132336880734, 1106.154393027523, 1264.1764491743122, 1422.198505321101, 1580.2205614678903], [344.7753952293578, 517.1630928440367, 689.5507904587156, 861.9384880733945, 1034.3261856880733, 1206.7138833027523, 1379.1015809174312, 1551.4892785321101, 1723.876976146789]], [[0.0, 0.0, 0.0, 0.0, 86.19384880733945, 100.55949027522936, 114.92513174311928, 129.2907732110092, 143.65641467889913], [0.0, 86.19384880733945, 114.92513174311928, 143.65641467889913, 172.3876976146789, 201.11898055045873, 229.85026348623856, 258.5815464220184, 287.31282935779825], [86.19384880733945, 129.29077321100917, 172.3876976146789, 215.48462201834863, 258.58154642201833, 301.67847082568807, 344.7753952293578, 387.87231963302753, 430.96924403669726], [114.92513174311928, 172.3876976146789, 229.85026348623856, 287.31282935779825, 344.7753952293578, 402.23796110091746, 459.7005269724771, 517.1630928440368, 574.6256587155965], [143.6564146788991, 215.4846220183486, 287.3128293577982, 359.1410366972477, 430.9692440366972, 502.7974513761468, 574.6256587155964, 646.453866055046, 718.2820733944955], [172.3876976146789, 258.58154642201833, 344.7753952293578, 430.96924403669726, 517.1630928440367, 603.3569416513761, 689.5507904587156, 775.7446392660551, 861.9384880733945], [201.11898055045873, 301.678470825688, 402.23796110091746, 502.7974513761468, 603.356941651376, 703.9164319266056, 804.4759222018349, 905.0354124770643, 1005.5949027522936], [229.85026348623856, 344.7753952293578, 459.7005269724771, 574.6256587155965, 689.5507904587156, 804.4759222018349, 919.4010539449542, 1034.3261856880736, 1149.251317431193], [258.5815464220184, 387.8723196330275, 517.1630928440368, 646.453866055046, 775.744639266055, 905.0354124770643, 1034.3261856880736, 1163.6169588990829, 1292.907732110092], [287.3128293577982, 430.9692440366972, 574.6256587155964, 718.2820733944955, 861.9384880733944, 1005.5949027522936, 1149.2513174311928, 1292.907732110092, 1436.564146788991], [316.04411229357805, 474.066168440367, 632.0882245871561, 790.1102807339452, 948.132336880734, 1106.154393027523, 1264.1764491743122, 1422.198505321101, 1580.2205614678903], [344.7753952293578, 517.1630928440367, 689.5507904587156, 861.9384880733945, 1034.3261856880733, 1206.7138833027523, 1379.1015809174312, 1551.4892785321101, 1723.876976146789]], [[0.0, 0.0, 0.0, 0.0, 86.19384880733945, 100.55949027522936, 114.92513174311928, 129.2907732110092, 143.65641467889913], [0.0, 86.19384880733945, 114.92513174311928, 143.65641467889913, 172.3876976146789, 201.11898055045873, 229.85026348623856, 258.5815464220184, 287.31282935779825], [86.19384880733945, 129.29077321100917, 172.3876976146789, 215.48462201834863, 258.58154642201833, 301.67847082568807, 344.7753952293578, 387.87231963302753, 430.96924403669726], [114.92513174311928, 172.3876976146789, 229.85026348623856, 287.31282935779825, 344.7753952293578, 402.23796110091746, 459.7005269724771, 517.1630928440368, 574.6256587155965], [143.6564146788991, 215.4846220183486, 287.3128293577982, 359.1410366972477, 430.9692440366972, 502.7974513761468, 574.6256587155964, 646.453866055046, 718.2820733944955], [172.3876976146789, 258.58154642201833, 344.7753952293578, 430.96924403669726, 517.1630928440367, 603.3569416513761, 689.5507904587156, 775.7446392660551, 861.9384880733945], [201.11898055045873, 301.678470825688, 402.23796110091746, 502.7974513761468, 603.356941651376, 703.9164319266056, 804.4759222018349, 905.0354124770643, 1005.5949027522936], [229.85026348623856, 344.7753952293578, 459.7005269724771, 574.6256587155965, 689.5507904587156, 804.4759222018349, 919.4010539449542, 1034.3261856880736, 1149.251317431193], [258.5815464220184, 387.8723196330275, 517.1630928440368, 646.453866055046, 775.744639266055, 905.0354124770643, 1034.3261856880736, 1163.6169588990829, 1292.907732110092], [287.3128293577982, 430.9692440366972, 574.6256587155964, 718.2820733944955, 861.9384880733944, 1005.5949027522936, 1149.2513174311928, 1292.907732110092, 1436.564146788991], [316.04411229357805, 474.066168440367, 632.0882245871561, 790.1102807339452, 948.132336880734, 1106.154393027523, 1264.1764491743122, 1422.198505321101, 1580.2205614678903], [344.7753952293578, 517.1630928440367, 689.5507904587156, 861.9384880733945, 1034.3261856880733, 1206.7138833027523, 1379.1015809174312, 1551.4892785321101, 1723.876976146789]], [[0.0, 0.0, 0.0, 0.0, 86.19384880733945, 100.55949027522936, 114.92513174311928, 129.2907732110092, 143.65641467889913], [0.0, 86.19384880733945, 114.92513174311928, 143.65641467889913, 172.3876976146789, 201.11898055045873, 229.85026348623856, 258.5815464220184, 287.31282935779825], [86.19384880733945, 129.29077321100917, 172.3876976146789, 215.48462201834863, 258.58154642201833, 301.67847082568807, 344.7753952293578, 387.87231963302753, 430.96924403669726], [114.92513174311928, 172.3876976146789, 229.85026348623856, 287.31282935779825, 344.7753952293578, 402.23796110091746, 459.7005269724771, 517.1630928440368, 574.6256587155965], [143.6564146788991, 215.4846220183486, 287.3128293577982, 359.1410366972477, 430.9692440366972, 502.7974513761468, 574.6256587155964, 646.453866055046, 718.2820733944955], [172.3876976146789, 258.58154642201833, 344.7753952293578, 430.96924403669726, 517.1630928440367, 603.3569416513761, 689.5507904587156, 775.7446392660551, 861.9384880733945], [201.11898055045873, 301.678470825688, 402.23796110091746, 502.7974513761468, 603.356941651376, 703.9164319266056, 804.4759222018349, 905.0354124770643, 1005.5949027522936], [229.85026348623856, 344.7753952293578, 459.7005269724771, 574.6256587155965, 689.5507904587156, 804.4759222018349, 919.4010539449542, 1034.3261856880736, 1149.251317431193], [258.5815464220184, 387.8723196330275, 517.1630928440368, 646.453866055046, 775.744639266055, 905.0354124770643, 1034.3261856880736, 1163.6169588990829, 1292.907732110092], [287.3128293577982, 430.9692440366972, 574.6256587155964, 718.2820733944955, 861.9384880733944, 1005.5949027522936, 1149.2513174311928, 1292.907732110092, 1436.564146788991], [316.04411229357805, 474.066168440367, 632.0882245871561, 790.1102807339452, 948.132336880734, 1106.154393027523, 1264.1764491743122, 1422.198505321101, 1580.2205614678903], [344.7753952293578, 517.1630928440367, 689.5507904587156, 861.9384880733945, 1034.3261856880733, 1206.7138833027523, 1379.1015809174312, 1551.4892785321101, 1723.876976146789]]], [[[0.0, 46.17527614678899, 61.56703486238531, 76.95879357798167, 92.35055229357798, 107.74231100917434, 123.13406972477063, 138.525828440367, 153.91758715596333], [61.56703486238531, 92.35055229357798, 123.13406972477063, 153.91758715596333, 184.70110458715595, 215.4846220183487, 246.26813944954125, 277.051656880734, 307.83517431192666], [92.35055229357798, 138.52582844036695, 184.70110458715595, 230.87638073394496, 277.0516568807339, 323.226933027523, 369.4022091743119, 415.57748532110094, 461.7527614678899], [123.13406972477063, 184.70110458715595, 246.26813944954125, 307.83517431192666, 369.4022091743119, 430.9692440366974, 492.5362788990825, 554.103313761468, 615.6703486238533], [153.9175871559633, 230.87638073394496, 307.8351743119266, 384.7939678899083, 461.7527614678899, 538.7115550458716, 615.6703486238532, 692.629142201835, 769.5879357798166], [184.70110458715595, 277.0516568807339, 369.4022091743119, 461.7527614678899, 554.1033137614678, 646.453866055046, 738.8044183486238, 831.1549706422019, 923.5055229357798], [215.4846220183486, 323.22693302752293, 430.9692440366972, 538.7115550458716, 646.4538660550459, 754.1961770642203, 861.9384880733944, 969.6807990825689, 1077.4231100917432], [246.26813944954125, 369.4022091743119, 492.5362788990825, 615.6703486238533, 738.8044183486238, 861.9384880733948, 985.072557798165, 1108.206627522936, 1231.3406972477067], [277.05165688073396, 415.57748532110094, 554.1033137614679, 692.629142201835, 831.1549706422019, 969.6807990825689, 1108.2066275229358, 1246.732455963303, 1385.25828440367], [307.8351743119266, 461.7527614678899, 615.6703486238532, 769.5879357798166, 923.5055229357798, 1077.4231100917432, 1231.3406972477064, 1385.25828440367, 1539.1758715596332], [338.61869174311926, 507.9280376146789, 677.2373834862385, 846.5467293577983, 1015.8560752293578, 1185.1654211009177, 1354.474766972477, 1523.784112844037, 1693.0934587155966], [369.4022091743119, 554.1033137614678, 738.8044183486238, 923.5055229357798, 1108.2066275229356, 1292.907732110092, 1477.6088366972476, 1662.3099412844037, 1847.0110458715596]], [[0.0, 46.17527614678899, 61.56703486238531, 76.95879357798167, 92.35055229357798, 107.74231100917434, 123.13406972477063, 138.525828440367, 153.91758715596333], [61.56703486238531, 92.35055229357798, 123.13406972477063, 153.91758715596333, 184.70110458715595, 215.4846220183487, 246.26813944954125, 277.051656880734, 307.83517431192666], [92.35055229357798, 138.52582844036695, 184.70110458715595, 230.87638073394496, 277.0516568807339, 323.226933027523, 369.4022091743119, 415.57748532110094, 461.7527614678899], [123.13406972477063, 184.70110458715595, 246.26813944954125, 307.83517431192666, 369.4022091743119, 430.9692440366974, 492.5362788990825, 554.103313761468, 615.6703486238533], [153.9175871559633, 230.87638073394496, 307.8351743119266, 384.7939678899083, 461.7527614678899, 538.7115550458716, 615.6703486238532, 692.629142201835, 769.5879357798166], [184.70110458715595, 277.0516568807339, 369.4022091743119, 461.7527614678899, 554.1033137614678, 646.453866055046, 738.8044183486238, 831.1549706422019, 923.5055229357798], [215.4846220183486, 323.22693302752293, 430.9692440366972, 538.7115550458716, 646.4538660550459, 754.1961770642203, 861.9384880733944, 969.6807990825689, 1077.4231100917432], [246.26813944954125, 369.4022091743119, 492.5362788990825, 615.6703486238533, 738.8044183486238, 861.9384880733948, 985.072557798165, 1108.206627522936, 1231.3406972477067], [277.05165688073396, 415.57748532110094, 554.1033137614679, 692.629142201835, 831.1549706422019, 969.6807990825689, 1108.2066275229358, 1246.732455963303, 1385.25828440367], [307.8351743119266, 461.7527614678899, 615.6703486238532, 769.5879357798166, 923.5055229357798, 1077.4231100917432, 1231.3406972477064, 1385.25828440367, 1539.1758715596332], [338.61869174311926, 507.9280376146789, 677.2373834862385, 846.5467293577983, 1015.8560752293578, 1185.1654211009177, 1354.474766972477, 1523.784112844037, 1693.0934587155966], [369.4022091743119, 554.1033137614678, 738.8044183486238, 923.5055229357798, 1108.2066275229356, 1292.907732110092, 1477.6088366972476, 1662.3099412844037, 1847.0110458715596]], [[0.0, 46.17527614678899, 61.56703486238531, 76.95879357798167, 92.35055229357798, 107.74231100917434, 123.13406972477063, 138.525828440367, 153.91758715596333], [61.56703486238531, 92.35055229357798, 123.13406972477063, 153.91758715596333, 184.70110458715595, 215.4846220183487, 246.26813944954125, 277.051656880734, 307.83517431192666], [92.35055229357798, 138.52582844036695, 184.70110458715595, 230.87638073394496, 277.0516568807339, 323.226933027523, 369.4022091743119, 415.57748532110094, 461.7527614678899], [123.13406972477063, 184.70110458715595, 246.26813944954125, 307.83517431192666, 369.4022091743119, 430.9692440366974, 492.5362788990825, 554.103313761468, 615.6703486238533], [153.9175871559633, 230.87638073394496, 307.8351743119266, 384.7939678899083, 461.7527614678899, 538.7115550458716, 615.6703486238532, 692.629142201835, 769.5879357798166], [184.70110458715595, 277.0516568807339, 369.4022091743119, 461.7527614678899, 554.1033137614678, 646.453866055046, 738.8044183486238, 831.1549706422019, 923.5055229357798], [215.4846220183486, 323.22693302752293, 430.9692440366972, 538.7115550458716, 646.4538660550459, 754.1961770642203, 861.9384880733944, 969.6807990825689, 1077.4231100917432], [246.26813944954125, 369.4022091743119, 492.5362788990825, 615.6703486238533, 738.8044183486238, 861.9384880733948, 985.072557798165, 1108.206627522936, 1231.3406972477067], [277.05165688073396, 415.57748532110094, 554.1033137614679, 692.629142201835, 831.1549706422019, 969.6807990825689, 1108.2066275229358, 1246.732455963303, 1385.25828440367], [307.8351743119266, 461.7527614678899, 615.6703486238532, 769.5879357798166, 923.5055229357798, 1077.4231100917432, 1231.3406972477064, 1385.25828440367, 1539.1758715596332], [338.61869174311926, 507.9280376146789, 677.2373834862385, 846.5467293577983, 1015.8560752293578, 1185.1654211009177, 1354.474766972477, 1523.784112844037, 1693.0934587155966], [369.4022091743119, 554.1033137614678, 738.8044183486238, 923.5055229357798, 1108.2066275229356, 1292.907732110092, 1477.6088366972476, 1662.3099412844037, 1847.0110458715596]], [[0.0, 46.17527614678899, 61.56703486238531, 76.95879357798167, 92.35055229357798, 107.74231100917434, 123.13406972477063, 138.525828440367, 153.91758715596333], [61.56703486238531, 92.35055229357798, 123.13406972477063, 153.91758715596333, 184.70110458715595, 215.4846220183487, 246.26813944954125, 277.051656880734, 307.83517431192666], [92.35055229357798, 138.52582844036695, 184.70110458715595, 230.87638073394496, 277.0516568807339, 323.226933027523, 369.4022091743119, 415.57748532110094, 461.7527614678899], [123.13406972477063, 184.70110458715595, 246.26813944954125, 307.83517431192666, 369.4022091743119, 430.9692440366974, 492.5362788990825, 554.103313761468, 615.6703486238533], [153.9175871559633, 230.87638073394496, 307.8351743119266, 384.7939678899083, 461.7527614678899, 538.7115550458716, 615.6703486238532, 692.629142201835, 769.5879357798166], [184.70110458715595, 277.0516568807339, 369.4022091743119, 461.7527614678899, 554.1033137614678, 646.453866055046, 738.8044183486238, 831.1549706422019, 923.5055229357798], [215.4846220183486, 323.22693302752293, 430.9692440366972, 538.7115550458716, 646.4538660550459, 754.1961770642203, 861.9384880733944, 969.6807990825689, 1077.4231100917432], [246.26813944954125, 369.4022091743119, 492.5362788990825, 615.6703486238533, 738.8044183486238, 861.9384880733948, 985.072557798165, 1108.206627522936, 1231.3406972477067], [277.05165688073396, 415.57748532110094, 554.1033137614679, 692.629142201835, 831.1549706422019, 969.6807990825689, 1108.2066275229358, 1246.732455963303, 1385.25828440367], [307.8351743119266, 461.7527614678899, 615.6703486238532, 769.5879357798166, 923.5055229357798, 1077.4231100917432, 1231.3406972477064, 1385.25828440367, 1539.1758715596332], [338.61869174311926, 507.9280376146789, 677.2373834862385, 846.5467293577983, 1015.8560752293578, 1185.1654211009177, 1354.474766972477, 1523.784112844037, 1693.0934587155966], [369.4022091743119, 554.1033137614678, 738.8044183486238, 923.5055229357798, 1108.2066275229356, 1292.907732110092, 1477.6088366972476, 1662.3099412844037, 1847.0110458715596]], [[0.0, 46.17527614678899, 61.56703486238531, 76.95879357798167, 92.35055229357798, 107.74231100917434, 123.13406972477063, 138.525828440367, 153.91758715596333], [61.56703486238531, 92.35055229357798, 123.13406972477063, 153.91758715596333, 184.70110458715595, 215.4846220183487, 246.26813944954125, 277.051656880734, 307.83517431192666], [92.35055229357798, 138.52582844036695, 184.70110458715595, 230.87638073394496, 277.0516568807339, 323.226933027523, 369.4022091743119, 415.57748532110094, 461.7527614678899], [123.13406972477063, 184.70110458715595, 246.26813944954125, 307.83517431192666, 369.4022091743119, 430.9692440366974, 492.5362788990825, 554.103313761468, 615.6703486238533], [153.9175871559633, 230.87638073394496, 307.8351743119266, 384.7939678899083, 461.7527614678899, 538.7115550458716, 615.6703486238532, 692.629142201835, 769.5879357798166], [184.70110458715595, 277.0516568807339, 369.4022091743119, 461.7527614678899, 554.1033137614678, 646.453866055046, 738.8044183486238, 831.1549706422019, 923.5055229357798], [215.4846220183486, 323.22693302752293, 430.9692440366972, 538.7115550458716, 646.4538660550459, 754.1961770642203, 861.9384880733944, 969.6807990825689, 1077.4231100917432], [246.26813944954125, 369.4022091743119, 492.5362788990825, 615.6703486238533, 738.8044183486238, 861.9384880733948, 985.072557798165, 1108.206627522936, 1231.3406972477067], [277.05165688073396, 415.57748532110094, 554.1033137614679, 692.629142201835, 831.1549706422019, 969.6807990825689, 1108.2066275229358, 1246.732455963303, 1385.25828440367], [307.8351743119266, 461.7527614678899, 615.6703486238532, 769.5879357798166, 923.5055229357798, 1077.4231100917432, 1231.3406972477064, 1385.25828440367, 1539.1758715596332], [338.61869174311926, 507.9280376146789, 677.2373834862385, 846.5467293577983, 1015.8560752293578, 1185.1654211009177, 1354.474766972477, 1523.784112844037, 1693.0934587155966], [369.4022091743119, 554.1033137614678, 738.8044183486238, 923.5055229357798, 1108.2066275229356, 1292.907732110092, 1477.6088366972476, 1662.3099412844037, 1847.0110458715596]], [[0.0, 46.17527614678899, 61.56703486238531, 76.95879357798167, 92.35055229357798, 107.74231100917434, 123.13406972477063, 138.525828440367, 153.91758715596333], [61.56703486238531, 92.35055229357798, 123.13406972477063, 153.91758715596333, 184.70110458715595, 215.4846220183487, 246.26813944954125, 277.051656880734, 307.83517431192666], [92.35055229357798, 138.52582844036695, 184.70110458715595, 230.87638073394496, 277.0516568807339, 323.226933027523, 369.4022091743119, 415.57748532110094, 461.7527614678899], [123.13406972477063, 184.70110458715595, 246.26813944954125, 307.83517431192666, 369.4022091743119, 430.9692440366974, 492.5362788990825, 554.103313761468, 615.6703486238533], [153.9175871559633, 230.87638073394496, 307.8351743119266, 384.7939678899083, 461.7527614678899, 538.7115550458716, 615.6703486238532, 692.629142201835, 769.5879357798166], [184.70110458715595, 277.0516568807339, 369.4022091743119, 461.7527614678899, 554.1033137614678, 646.453866055046, 738.8044183486238, 831.1549706422019, 923.5055229357798], [215.4846220183486, 323.22693302752293, 430.9692440366972, 538.7115550458716, 646.4538660550459, 754.1961770642203, 861.9384880733944, 969.6807990825689, 1077.4231100917432], [246.26813944954125, 369.4022091743119, 492.5362788990825, 615.6703486238533, 738.8044183486238, 861.9384880733948, 985.072557798165, 1108.206627522936, 1231.3406972477067], [277.05165688073396, 415.57748532110094, 554.1033137614679, 692.629142201835, 831.1549706422019, 969.6807990825689, 1108.2066275229358, 1246.732455963303, 1385.25828440367], [307.8351743119266, 461.7527614678899, 615.6703486238532, 769.5879357798166, 923.5055229357798, 1077.4231100917432, 1231.3406972477064, 1385.25828440367, 1539.1758715596332], [338.61869174311926, 507.9280376146789, 677.2373834862385, 846.5467293577983, 1015.8560752293578, 1185.1654211009177, 1354.474766972477, 1523.784112844037, 1693.0934587155966], [369.4022091743119, 554.1033137614678, 738.8044183486238, 923.5055229357798, 1108.2066275229356, 1292.907732110092, 1477.6088366972476, 1662.3099412844037, 1847.0110458715596]], [[0.0, 46.17527614678899, 61.56703486238531, 76.95879357798167, 92.35055229357798, 107.74231100917434, 123.13406972477063, 138.525828440367, 153.91758715596333], [61.56703486238531, 92.35055229357798, 123.13406972477063, 153.91758715596333, 184.70110458715595, 215.4846220183487, 246.26813944954125, 277.051656880734, 307.83517431192666], [92.35055229357798, 138.52582844036695, 184.70110458715595, 230.87638073394496, 277.0516568807339, 323.226933027523, 369.4022091743119, 415.57748532110094, 461.7527614678899], [123.13406972477063, 184.70110458715595, 246.26813944954125, 307.83517431192666, 369.4022091743119, 430.9692440366974, 492.5362788990825, 554.103313761468, 615.6703486238533], [153.9175871559633, 230.87638073394496, 307.8351743119266, 384.7939678899083, 461.7527614678899, 538.7115550458716, 615.6703486238532, 692.629142201835, 769.5879357798166], [184.70110458715595, 277.0516568807339, 369.4022091743119, 461.7527614678899, 554.1033137614678, 646.453866055046, 738.8044183486238, 831.1549706422019, 923.5055229357798], [215.4846220183486, 323.22693302752293, 430.9692440366972, 538.7115550458716, 646.4538660550459, 754.1961770642203, 861.9384880733944, 969.6807990825689, 1077.4231100917432], [246.26813944954125, 369.4022091743119, 492.5362788990825, 615.6703486238533, 738.8044183486238, 861.9384880733948, 985.072557798165, 1108.206627522936, 1231.3406972477067], [277.05165688073396, 415.57748532110094, 554.1033137614679, 692.629142201835, 831.1549706422019, 969.6807990825689, 1108.2066275229358, 1246.732455963303, 1385.25828440367], [307.8351743119266, 461.7527614678899, 615.6703486238532, 769.5879357798166, 923.5055229357798, 1077.4231100917432, 1231.3406972477064, 1385.25828440367, 1539.1758715596332], [338.61869174311926, 507.9280376146789, 677.2373834862385, 846.5467293577983, 1015.8560752293578, 1185.1654211009177, 1354.474766972477, 1523.784112844037, 1693.0934587155966], [369.4022091743119, 554.1033137614678, 738.8044183486238, 923.5055229357798, 1108.2066275229356, 1292.907732110092, 1477.6088366972476, 1662.3099412844037, 1847.0110458715596]], [[0.0, 46.17527614678899, 61.56703486238531, 76.95879357798167, 92.35055229357798, 107.74231100917434, 123.13406972477063, 138.525828440367, 153.91758715596333], [61.56703486238531, 92.35055229357798, 123.13406972477063, 153.91758715596333, 184.70110458715595, 215.4846220183487, 246.26813944954125, 277.051656880734, 307.83517431192666], [92.35055229357798, 138.52582844036695, 184.70110458715595, 230.87638073394496, 277.0516568807339, 323.226933027523, 369.4022091743119, 415.57748532110094, 461.7527614678899], [123.13406972477063, 184.70110458715595, 246.26813944954125, 307.83517431192666, 369.4022091743119, 430.9692440366974, 492.5362788990825, 554.103313761468, 615.6703486238533], [153.9175871559633, 230.87638073394496, 307